63.03 22.55 39.61 40.48 98.67 -0.25 1 -1 -1
39.06 10.06 25.02 29.00 114.41 4.56 1 -1 -1
68.83 22.22 50.09 46.61 105.99 -3.53 1 -1 -1
69.30 24.65 44.31 44.64 101.87 11.21 1 -1 -1
49.71 9.65 28.32 40.06 108.17 7.92 1 -1 -1
40.25 13.92 25.12 26.33 130.33 2.23 1 -1 -1
53.43 15.86 37.17 37.57 120.57 5.99 1 -1 -1
45.37 10.76 29.04 34.61 117.27 -10.68 1 -1 -1
43.79 13.53 42.69 30.26 125.00 13.29 1 -1 -1
36.69 5.01 41.95 31.68 84.24 0.66 1 -1 -1
49.71 13.04 31.33 36.67 108.65 -7.83 1 -1 -1
31.23 17.72 15.50 13.52 120.06 0.50 1 -1 -1
48.92 19.96 40.26 28.95 119.32 8.03 1 -1 -1
53.57 20.46 33.10 33.11 110.97 7.04 1 -1 -1
57.30 24.19 47.00 33.11 116.81 5.77 1 -1 -1
44.32 12.54 36.10 31.78 124.12 5.42 1 -1 -1
63.83 20.36 54.55 43.47 112.31 -0.62 1 -1 -1
31.28 3.14 32.56 28.13 129.01 3.62 1 -1 -1
38.70 13.44 31.00 25.25 123.16 1.43 1 -1 -1
41.73 12.25 30.12 29.48 116.59 -1.24 1 -1 -1
43.92 14.18 37.83 29.74 134.46 6.45 1 -1 -1
54.92 21.06 42.20 33.86 125.21 2.43 1 -1 -1
63.07 24.41 54.00 38.66 106.42 15.78 1 -1 -1
45.54 13.07 30.30 32.47 117.98 -4.99 1 -1 -1
36.13 22.76 29.00 13.37 115.58 -3.24 1 -1 -1
54.12 26.65 35.33 27.47 121.45 1.57 1 -1 -1
26.15 10.76 14.00 15.39 125.20 -10.09 1 -1 -1
43.58 16.51 47.00 27.07 109.27 8.99 1 -1 -1
44.55 21.93 26.79 22.62 111.07 2.65 1 -1 -1
66.88 24.89 49.28 41.99 113.48 -2.01 1 -1 -1
50.82 15.40 42.53 35.42 112.19 10.87 1 -1 -1
46.39 11.08 32.14 35.31 98.77 6.39 1 -1 -1
44.94 17.44 27.78 27.49 117.98 5.57 1 -1 -1
38.66 12.99 40.00 25.68 124.91 2.70 1 -1 -1
59.60 32.00 46.56 27.60 119.33 1.47 1 -1 -1
31.48 7.83 24.28 23.66 113.83 4.39 1 -1 -1
32.09 6.99 36.00 25.10 132.26 6.41 1 -1 -1
35.70 19.44 20.70 16.26 137.54 -0.26 1 -1 -1
55.84 28.85 47.69 27.00 123.31 2.81 1 -1 -1
52.42 19.01 35.87 33.41 116.56 1.69 1 -1 -1
35.49 11.70 15.59 23.79 106.94 -3.46 1 -1 -1
46.44 8.40 29.04 38.05 115.48 2.05 1 -1 -1
53.85 19.23 32.78 34.62 121.67 5.33 1 -1 -1
66.29 26.33 47.50 39.96 121.22 -0.80 1 -1 -1
56.03 16.30 62.28 39.73 114.02 -2.33 1 -1 -1
50.91 23.02 47.00 27.90 117.42 -2.53 1 -1 -1
48.33 22.23 36.18 26.10 117.38 6.48 1 -1 -1
41.35 16.58 30.71 24.78 113.27 -4.50 1 -1 -1
40.56 17.98 34.00 22.58 121.05 -1.54 1 -1 -1
41.77 17.90 20.03 23.87 118.36 2.06 1 -1 -1
55.29 20.44 34.00 34.85 115.88 3.56 1 -1 -1
74.43 41.56 27.70 32.88 107.95 5.00 1 -1 -1
50.21 29.76 36.10 20.45 128.29 5.74 1 -1 -1
30.15 11.92 34.00 18.23 112.68 11.46 1 -1 -1
41.17 17.32 33.47 23.85 116.38 -9.57 1 -1 -1
47.66 13.28 36.68 34.38 98.25 6.27 1 -1 -1
43.35 7.47 28.07 35.88 112.78 5.75 1 -1 -1
46.86 15.35 38.00 31.50 116.25 1.66 1 -1 -1
43.20 19.66 35.00 23.54 124.85 -2.92 1 -1 -1
48.11 14.93 35.56 33.18 124.06 7.95 1 -1 -1